
8410585
8393778
8401807
8391261
8411643
8395312
8403324
8392582
8754941
8415268
8446834
8406754
8751006
8413971
8445894
8406140
8743381
8412120
8441083
8401192
8740753
8411301
8440802
8400602
16064438
16528205
16480608
16478571
16188781
16527951
16480635
16485634
16055992
16526772
16478495
16516919
16058057
16526848
16478937
16516945
16004311
16523165
16471977
16511023
16003047
16522891
16471574
16510732
16077166
16523939
16474799
16514709
16076919
16523923
16475166
16514572
16040150
16521629
16470048
16512132
16039237
16521723
16469988
16511826
16075299
16522762
16473186
16514146
16075664
16522924
16473246
16514163
16056249
16520681
16467514
16512893
16056896
16520612
16467855
16513096
16081936
16522277
16471310
16515118
16081688
16522200
16471130
16515077
16120343
16522652
16471943
16519487
16118356
16522532
16471574
16519359
16122672
16522847
16471856
16519938
16122861
16522974
16472301
16520024
16114474
16522378
16471088
16519223
16111820
16522062
16470611
16519025
16108861
16522133
16471097
16518481
16111760
16522209
16471430
16518873
16106087
16522428
16471345
16518599
16103673
16522327
16471268
16518360
16109014
16522736
16471661
16518658
16109782
16522823
16471728
16518966
16138421
16524588
16475543
16521423
16139496
16524486
16475568
16521441
16112690
16522899
16471190
16519674
16114773
16522797
16471318
16519920
16118987
16523172
16472676
16519690
16118816
16523163
16472547
16519529
16127425
16523487
16473912
16520051
16124524
16523452
16473630
16519674
16123226
16523463
16472523
16520672
16122495
16523573
16472376
16520518
16146689
16524605
16475159
16522020
16146075
16524324
16474918
16522107
16138362
16523505
16472872
16521533
16139888
16523488
16472897
16521559
16154299
16524528
16474647
16522643
16157402
16524520
16475242
16522788
16139522
16523078
16471669
16521790
16136988
16523095
16471190
16521593
16154066
16544621
16518428
16541292
16156396
16544765
16518624
16541344
16154195
16544780
16518327
16541447
16151482
16544576
16518154
16541368
16149204
16544381
16517601
16541353
16151773
16544466
16517585
16541232
16182861
16544851
16518889
16542111
16184055
16544918
16518924
16542273
16258943
16544150
16517661
16544688
16258961
16544321
16517867
16544466
16245018
16545242
16518651
16544286
16242819
16545209
16518574
16544261
16258319
16545251
16519170
16544715
16258866
16545131
16519001
16544663
16242879
16544798
16518198
16544090
16240062
16544730
16517916
16544192
16381409
16545284
16519223
16547955
16382713
16545387
16519434
16548067
16344425
16544619
16518334
16546565
16345943
16544603
16518394
16546640
16379557
16545302
16519622
16547588
16377571
16545362
16519316
16547580
