8742978
8744175
8760220
8776985
15955009
15957260
16052187
16054815
16027608
16025571
16041668
16042265
16033162
16032616
16058610
16059130
16049261
16046677
16056282
16056870
16053595
16053195
16072550
16073465
16055454
16055481
16103058
16104579
16067142
16069838
16098623
16094605
16084855
16084871
16072723
16071902
16096763
16098555
16072595
16072363
16123851
16124721
16090432
16092932
16098623
16096073
16097044
16097813
16084564
16084478
16107171
16109764
16083018
16082762
16127670
16129191
16082268
16082363
16126220
16126733
16087345
16088489
16121222
16119976
16092404
16092856
16105472
16102889
16097173
16098137
16085963
16085664
16095756
16097515
16094332
16092284
16120480
16123508
16093113
16094204
16133456
16136561
16100005
16102708
16128106
16124694
16118304
16117683
16106820
16105798
16149931
16150306
16118858
16120575
16134838
16130418
16125855
16125504
16116735
16115352
16133013
16135230
16101797
16101327
16149785
16149750
16104192
16104015
16152284
16155509
16115105
16115130
16121179
16120865
16110721
16109901
16118399
16117904
16113978
16111471
16115865
16116701
16111000
16109125
16127466
16127263
16143786
16144351
16211389
16213189
16210307
16212139
16254394
16255214
16232855
16233536
16244754
16242443
16235746
16235643
8745147
8749439
